# ARTICULOS	HUMANOS TOTAL	BLOQUES	SALONES	TRACKS	ARTICULOS POR SESION	SESIONES POR DIA
173 150 8 7 14 4 4
#ARTICULO	TRACK	PRESENTADOR	BEST PAPER	
0 0 84 0
1 1 146 0
2 2 74 0
3 3 11 1
4 4 57 0
5 5 137 0
6 6 80 0
7 7 84 1
8 8 116 1
9 9 104 0
10 10 52 0
11 11 1 0
12 12 34 0
13 0 62 1
14 1 27 0
15 2 71 0
16 3 33 1
17 4 147 0
18 5 70 0
19 6 69 1
20 7 48 0
21 8 65 0
22 9 81 0
23 10 148 0
24 11 64 0
25 12 96 0
26 0 142 1
27 1 72 0
28 2 46 0
29 3 123 0
30 4 131 0
31 5 120 1
32 6 83 1
33 7 53 0
34 8 135 0
35 9 45 0
36 10 107 0
37 11 98 0
38 12 136 0
39 0 126 0
40 1 44 0
41 2 38 0
42 3 91 0
43 4 99 0
44 5 26 0
45 6 23 0
46 7 85 0
47 8 15 1
48 9 31 1
49 10 128 0
50 11 8 0
51 12 41 0
52 0 2 0
53 1 127 1
54 2 112 0
55 3 36 0
56 4 117 0
57 5 103 0
58 6 94 0
59 7 113 1
60 8 68 0
61 9 61 1
62 10 143 0
63 11 111 0
64 12 105 0
65 0 138 0
66 1 19 1
67 2 75 0
68 3 49 0
69 4 115 0
70 5 69 0
71 6 133 0
72 7 17 0
73 8 108 0
74 9 106 0
75 10 89 0
76 11 82 0
77 12 125 0
78 0 101 0
79 1 14 0
80 2 47 0
81 3 88 0
82 4 58 1
83 5 118 1
84 6 43 0
85 7 1 0
86 8 124 0
87 9 22 0
88 10 93 0
89 11 63 0
90 12 12 0
91 0 94 0
92 1 100 0
93 2 114 0
94 3 9 0
95 4 51 0
96 5 78 0
97 6 86 0
98 7 5 1
99 8 8 0
100 9 124 0
101 10 32 0
102 11 73 0
103 12 67 0
104 0 18 0
105 1 42 0
106 2 52 1
107 3 40 1
108 4 16 0
109 5 122 1
110 6 13 0
111 7 141 0
112 8 109 1
113 9 56 0
114 10 22 0
115 11 121 0
116 12 24 0
117 0 76 0
118 1 131 0
119 2 102 0
120 3 90 0
121 4 20 1
122 5 39 0
123 6 6 0
124 7 25 0
125 8 10 0
126 9 28 1
127 10 97 0
128 11 140 0
129 12 7 0
130 0 37 0
131 1 3 0
132 2 87 0
133 3 21 0
134 4 55 0
135 5 60 0
136 6 142 0
137 7 55 0
138 8 95 1
139 9 4 0
140 10 62 0
141 11 134 0
142 12 144 0
143 0 123 1
144 1 66 0
145 2 108 1
146 3 110 0
147 4 24 1
148 5 50 1
149 6 30 1
150 7 119 0
151 8 129 0
152 9 132 1
153 10 135 0
154 11 139 0
155 12 9 0
156 0 35 1
157 1 29 1
158 2 79 1
159 3 112 0
160 4 130 0
161 5 149 0
162 6 77 0
163 7 59 0
164 8 0 0
165 9 115 0
166 10 11 0
167 11 54 0
168 12 140 0
169 13 92 1
170 13 10 1
171 13 108 1
172 13 145 1
#PERSONA	CONFLICTO (CON TIEMPO)	
0 2 6 3
1 
2 0
3 
4 3
5 5 6
6 
7 6 5
8 
9 5
10 4
11 2 1
12 7 2 6 3
13 2 6
14 5
15 
16 4
17 
18 5 6
19 4
20 1
21 7 6
22 2
23 0 2 7 3
24 3 2 0
25 
26 0 1
27 
28 5
29 2
30 5
31 6 3 7
32 7
33 3
34 1
35 1 2 7
36 
37 7 1 5
38 2 5
39 2 7 6
40 0
41 3 4
42 
43 3
44 1 5
45 
46 4 6 1 7
47 3 1
48 5
49 7 0
50 
51 6 5
52 3 7
53 4 2
54 1
55 2
56 2
57 1
58 
59 4 1 7 6
60 4 0
61 6 0
62 6 3 2
63 6 3 1 0
64 0
65 2 7 1 4
66 2
67 2 3
68 6 3
69 
70 6
71 
72 5 4
73 3 2
74 0 1 4
75 5
76 1
77 
78 
79 1 0 5
80 4
81 3 7 4
82 5 3
83 
84 2 5
85 1
86 6 3 2 4
87 
88 0 4
89 0 7 3
90 3 5
91 1 6
92 7 2
93 
94 
95 4 7 0
96 1 2
97 5 4 7 1
98 6 7
99 
100 
101 1 3 5 7 0 6
102 5 1 3
103 2 0 5
104 7 5 2
105 
106 1 2
107 7 5 3
108 3 5
109 2 1 0
110 5 0
111 
112 6 0
113 5 1 7
114 2
115 2
116 
117 
118 3
119 4 1
120 6
121 
122 
123 
124 1 7
125 2 3 1
126 1 7
127 5
128 4
129 1
130 3 6 5 0
131 6 1
132 4 1 7
133 7 6
134 3
135 6 5 4 2
136 0 7 1 5
137 5 1
138 3 5
139 
140 6
141 5 3
142 4
143 6
144 
145 6 2
146 4
147 4
148 2 1 3 0
149 
#TRACK	ASISTENTES HISTORICOS	
0 27
1 16
2 29
3 30
4 10
5 23
6 17
7 18
8 27
9 16
10 24
11 13
12 14
13 25
#SALON	CAPACIDAD	
0 22
1 24
2 23
3 24
4 22
5 20
6 25
#TRACK	CHAIRS	
0 68 101
1 45 128
2 25 93
3 27 103
4 19 116
5 4 146
6 113 33
7 6 54
8 50 3
9 90 20
10 107 109
11 62 11
12 54 48
13 71 63
#TRACK	ORGANIZADORES	
0 36 32 1
1 131 141 101
2 95 49 51
3 141 25 117
4 92 78 69
5 138 138 41
6 96 126 75
7 80 56 21
8 95 32 84
9 39 122 88
10 47 33 112
11 87 61 81
12 27 9 113
13 81 32 44
